120,119,91,117,89,120,106,82,101,83,107,95,94,94,101,104,111,85,116,106,96,98,80,101,129,107,112,110,136,95,115,97,106,69,86,65,91,99,92,99,114,69,76,105,106,117,101,92,86,72,119,117,115,88,117,70
116,85,90,110,87,102,90,122,112,91,125,87,70,92,102,94,84,82,101,104,121,97,100,116,95,140,145,137,116,115,89,109,140,124,109,98,104,77,96,125,80,117,103,72,71,99,117,81,94,102,100,95,105,109,123,127
78,68,90,83,106,103,91,99,108,90,79,118,103,114,98,105,88,106,94,127,102,128,103,121,138,133,141,139,99,97,92,96,120,94,89,100,133,109,103,83,127,89,92,93,97,78,104,73,70,103,69,77,76,108,122,104
83,116,72,109,109,85,89,98,95,115,113,110,102,96,84,126,134,91,96,116,91,118,91,113,100,146,132,90,99,131,123,122,130,142,104,91,160,111,91,110,135,85,87,79,118,78,102,108,110,98,103,119,109,121,111,117
100,118,134,104,122,100,117,133,118,117,110,75,113,140,85,110,116,110,153,103,135,88,111,95,112,149,141,136,100,93,100,121,101,129,97,109,147,121,127,140,112,144,115,90,91,73,73,85,119,93,111,92,82,94,106,80
99,120,107,74,66,97,70,80,112,108,112,106,96,139,143,144,116,92,120,94,126,102,103,106,115,94,93,130,90,98,149,126,105,101,101,137,143,130,157,128,160,101,119,118,146,90,73,110,87,93,67,97,96,76,117,125
108,110,96,87,118,80,112,127,110,102,128,99,129,124,105,92,102,111,95,105,102,117,102,127,113,101,123,146,95,120,99,96,143,107,95,140,124,125,151,104,97,98,143,150,125,150,78,71,75,90,99,85,87,96,108,90
96,111,99,119,123,112,111,72,99,107,92,90,100,141,108,104,93,93,139,98,131,118,122,97,110,130,110,96,98,124,88,95,88,115,86,97,109,103,130,109,151,147,116,148,147,123,143,110,96,111,121,109,84,70,66,106
122,103,104,81,110,106,132,108,115,126,102,105,153,122,141,106,118,130,109,93,136,101,118,97,157,144,148,90,151,90,108,92,121,90,99,151,124,151,137,135,147,152,94,150,138,117,143,144,123,110,84,95,109,125,90,120
105,95,107,93,75,85,105,100,155,129,146,94,100,129,117,153,121,103,111,100,118,136,164,113,111,120,147,136,138,111,120,127,150,124,147,106,146,122,130,104,99,128,115,105,102,125,97,100,118,86,111,100,100,86,111,119
94,78,71,74,113,127,114,130,86,91,115,108,93,143,108,133,134,113,88,153,114,111,125,134,127,144,99,115,115,93,127,107,123,122,149,156,148,134,116,143,100,135,148,100,143,115,152,101,98,121,105,72,118,79,120,71
116,97,117,111,93,104,103,116,111,147,104,102,116,154,102,158,140,119,92,150,126,106,102,139,102,110,135,105,99,156,139,118,133,124,142,113,118,148,153,151,147,148,155,129,123,144,148,138,139,148,137,109,88,110,114,103
106,87,85,123,108,134,147,153,93,94,146,140,93,135,126,94,151,116,115,107,117,140,123,118,160,132,99,123,92,141,124,137,112,137,157,101,137,152,143,111,127,101,93,123,128,151,106,101,91,141,139,79,69,99,84,92
71,117,101,119,106,146,94,142,99,94,148,104,110,108,127,110,123,119,127,111,121,102,110,102,118,97,110,109,129,127,160,127,141,123,120,149,140,153,140,145,155,148,134,99,127,111,152,106,124,159,98,139,115,105,81,83
86,74,73,93,99,111,84,100,94,140,114,107,127,121,140,123,155,152,101,94,102,104,148,112,146,123,124,108,105,111,109,134,148,150,135,154,119,131,146,156,151,126,121,105,108,147,105,97,148,145,128,152,87,73,95,111
84,85,99,104,144,148,128,148,124,138,104,106,110,102,96,92,119,136,96,121,153,114,138,133,146,144,103,129,106,130,157,133,151,135,100,141,144,143,155,122,146,136,144,117,132,146,88,137,128,118,116,109,159,79,112,104
115,89,82,103,98,138,102,90,151,97,93,100,100,127,152,132,117,144,152,89,93,97,146,156,121,121,113,131,101,146,116,155,141,117,142,129,105,121,160,110,145,146,98,146,153,109,147,136,147,113,145,105,107,129,111,99
88,112,141,123,148,133,108,123,149,101,116,93,102,114,110,120,152,156,102,117,110,111,108,157,114,105,160,153,133,106,133,154,153,136,103,116,135,122,155,126,109,149,120,98,138,136,160,96,155,107,149,129,97,126,81,83
79,110,92,107,100,162,119,100,154,106,97,109,125,144,99,160,98,131,129,111,140,151,140,148,133,138,133,154,131,112,158,126,157,132,137,117,103,142,155,120,131,152,121,112,132,101,116,134,158,105,103,101,114,159,86,114
79,143,132,122,105,99,142,115,103,137,126,151,149,137,107,114,160,144,128,145,132,146,137,149,142,129,155,106,111,120,135,127,146,138,145,160,101,122,118,150,141,156,149,99,131,104,147,147,119,105,103,121,155,152,140,89
82,89,111,130,96,142,101,119,101,121,105,102,92,161,136,111,154,109,118,110,154,113,157,149,106,152,152,137,130,121,159,109,158,132,153,155,147,168,154,163,161,131,139,98,124,107,110,102,128,108,140,156,112,156,120,128
123,121,130,97,107,140,94,115,154,125,156,98,129,143,141,123,131,128,101,148,154,133,127,144,145,120,146,144,154,122,112,156,146,160,141,101,142,135,134,150,158,132,143,102,146,106,94,110,114,114,153,151,160,109,142,92
101,134,131,153,134,143,105,125,145,135,103,101,133,150,96,126,118,157,116,97,116,143,120,118,148,116,153,105,140,106,150,115,131,150,139,165,156,113,156,137,137,115,137,133,139,142,137,142,142,95,154,156,138,150,103,99
139,113,131,101,159,142,145,109,102,111,140,119,132,158,139,121,106,147,119,113,153,102,108,143,151,159,113,100,149,101,138,116,145,156,144,156,144,140,128,102,127,106,161,120,138,125,110,155,161,116,109,119,109,144,144,123
100,141,133,139,118,102,109,150,148,120,123,133,137,115,157,122,97,150,133,130,134,156,117,121,135,148,124,134,138,130,103,129,134,167,125,145,149,163,142,135,122,157,127,110,109,114,121,137,123,147,121,121,101,136,132,118
145,148,94,91,122,96,104,98,104,117,139,112,129,161,115,156,148,149,139,160,129,153,132,112,100,148,110,137,159,124,144,90,109,158,120,143,166,120,104,166,121,152,149,132,128,137,139,98,110,99,149,115,134,138,124,94
151,123,117,104,98,102,124,97,116,148,143,106,158,142,142,129,116,107,147,150,93,135,146,152,150,111,162,138,146,130,111,145,155,137,121,152,136,117,135,148,112,157,137,144,121,169,121,148,155,97,100,124,157,124,94,112
116,100,111,121,154,152,117,97,157,124,148,111,112,122,132,161,137,102,152,145,144,154,132,124,106,148,142,106,126,146,154,143,128,138,133,126,124,114,156,104,148,119,136,103,165,149,139,151,137,150,106,112,104,93,127,98
134,149,149,152,154,133,116,131,128,161,92,152,121,124,98,138,105,111,153,107,107,122,139,162,145,134,114,132,157,122,103,127,153,142,98,156,152,165,156,137,150,145,136,151,115,132,100,126,96,157,111,149,107,152,152,148
143,90,122,104,127,153,97,103,101,152,131,138,125,151,150,124,110,117,150,157,139,129,129,112,103,150,162,155,108,153,123,163,129,138,137,139,102,109,106,146,106,106,107,157,118,133,139,149,108,133,113,134,105,151,151,97
130,98,103,97,153,150,152,119,141,135,142,134,119,154,99,112,102,119,132,116,125,160,155,162,133,155,136,162,138,141,156,158,157,140,118,142,145,143,123,110,159,115,127,114,105,112,160,102,103,98,144,101,98,160,149,103
150,151,131,116,106,116,110,116,125,156,129,103,138,109,128,108,140,134,126,132,108,154,141,138,168,166,107,125,134,113,117,151,154,161,105,146,124,130,149,166,117,119,127,158,144,125,101,147,99,100,107,147,128,109,122,108
129,114,113,129,111,115,130,146,138,109,160,126,101,113,126,138,159,103,131,112,145,159,141,156,142,145,142,115,158,131,151,122,116,153,146,114,167,130,129,114,99,152,138,120,99,99,132,96,149,99,118,95,107,100,156,93
123,119,133,113,141,146,111,142,139,143,117,109,143,128,142,111,149,102,160,128,152,106,156,123,144,158,124,112,146,151,104,121,147,105,157,124,148,105,138,146,147,138,143,114,97,89,147,151,110,99,120,149,106,115,110,68
97,116,104,112,113,114,118,144,109,103,123,155,133,110,118,101,138,110,151,144,142,122,167,146,158,158,156,141,146,103,156,129,131,106,150,152,151,147,105,158,133,107,157,103,97,128,115,156,118,155,117,140,137,109,109,118
116,133,129,143,131,137,107,139,142,107,153,108,111,162,148,163,106,155,100,149,106,139,127,150,142,160,127,160,126,140,123,112,162,156,161,152,155,144,104,111,155,143,105,92,91,105,139,135,146,106,138,97,101,114,97,70
118,158,110,140,99,113,126,123,117,119,124,149,109,152,115,100,118,153,115,144,161,101,127,122,164,154,99,155,131,120,107,149,103,109,97,120,135,109,143,105,95,97,149,122,101,107,154,104,117,122,124,143,99,112,98,125
82,104,158,103,149,140,153,120,126,110,150,113,97,100,137,156,112,127,142,144,157,139,135,149,154,128,143,96,132,108,106,141,158,149,103,122,138,152,160,122,155,101,144,106,149,119,134,103,118,120,104,130,119,116,92,93
130,68,118,110,100,151,156,141,107,141,99,160,109,159,149,159,106,147,99,154,132,155,153,161,127,114,144,140,144,120,114,157,130,107,101,103,148,151,127,124,103,143,108,147,105,99,99,124,130,118,126,114,113,93,113,121
82,79,94,123,137,143,116,133,155,151,144,144,108,122,158,154,152,155,122,107,104,149,139,145,111,156,157,132,159,150,101,108,160,101,111,151,110,119,149,113,133,113,120,134,126,141,153,126,154,96,103,121,102,126,78,108
111,108,104,143,156,107,97,112,148,122,128,96,101,154,158,139,164,144,122,122,135,106,160,136,138,137,115,145,110,138,95,108,106,103,155,124,97,96,143,116,114,137,145,121,145,139,94,114,137,100,152,100,154,106,77,100
91,97,83,91,125,122,101,138,147,90,141,119,151,131,122,139,150,131,103,140,154,154,144,127,155,114,141,113,145,130,135,153,108,137,148,140,154,147,98,106,142,116,142,121,142,109,100,125,112,128,125,125,124,70,95,115
104,93,113,98,130,112,102,148,96,131,118,146,150,150,148,134,112,133,134,152,129,134,132,168,149,128,103,141,137,140,148,151,110,98,104,114,125,101,127,147,93,106,127,153,96,101,104,136,94,157,110,91,110,109,72,74
97,77,79,91,124,133,101,101,114,99,100,150,113,132,129,142,130,140,159,160,150,145,159,138,102,152,132,157,119,111,155,102,139,110,113,100,123,125,121,125,139,143,87,101,125,106,108,106,113,140,97,83,80,86,100,71
109,68,84,130,89,100,135,98,95,147,157,162,155,122,128,135,117,96,145,111,119,95,117,153,137,118,117,98,150,124,116,98,87,127,103,141,98,102,97,107,114,95,120,101,153,103,93,114,93,115,130,118,96,128,84,67
118,83,116,84,68,99,123,131,110,149,137,96,104,101,144,160,128,111,156,122,146,101,154,133,96,114,107,151,156,121,100,90,136,140,154,114,93,98,136,96,111,140,158,107,96,118,99,106,108,135,85,107,74,70,120,93
112,98,89,71,116,129,106,100,112,120,98,97,106,133,121,110,125,130,140,105,139,156,140,154,101,144,116,106,97,125,107,113,137,108,99,123,104,158,110,148,108,95,96,126,113,128,88,107,145,93,108,87,73,116,102,117
102,107,106,92,116,97,103,82,108,125,130,130,139,100,118,146,156,106,96,104,106,111,128,110,118,102,112,129,131,155,102,134,106,124,144,154,106,92,122,107,137,99,122,131,103,151,109,82,119,76,87,104,86,89,105,84
78,124,115,96,113,98,95,113,88,108,109,135,90,120,113,104,133,140,124,105,131,124,106,152,96,146,159,117,107,96,98,109,121,122,96,160,112,101,114,128,105,91,100,152,113,137,119,90,110,126,117,82,101,85,78,104
114,116,84,87,66,109,91,101,70,97,102,113,105,101,132,113,127,150,110,113,131,126,151,123,120,133,106,147,101,122,137,90,106,92,100,140,94,105,98,95,105,145,97,95,142,115,98,108,109,101,101,79,131,106,104,74
127,100,124,94,67,96,125,126,86,116,69,127,98,152,105,105,156,112,158,110,135,145,99,159,95,138,131,100,121,116,106,90,103,132,113,91,108,110,103,151,145,137,100,144,136,92,87,88,102,123,114,90,98,97,98,100
77,95,92,108,98,83,97,109,109,86,90,118,112,121,112,107,147,106,148,101,111,143,154,145,113,137,112,90,121,96,117,118,145,97,106,145,134,114,117,105,115,109,105,101,79,114,72,91,108,100,83,87,117,105,95,82
110,72,107,70,84,112,86,104,71,103,114,100,72,113,120,141,158,110,121,157,98,157,98,110,119,118,92,145,109,101,123,150,107,118,148,96,100,102,116,153,126,118,76,102,114,108,72,83,90,86,81,78,93,113,106,109
94,102,82,86,106,95,116,93,91,72,117,79,106,103,116,96,114,100,132,96,100,151,100,99,127,96,144,94,98,109,142,101,102,94,119,106,130,97,148,84,68,101,81,90,71,85,85,83,108,81,74,106,108,89,104,106
130,105,115,118,87,88,130,102,101,100,75,80,96,124,109,108,84,103,121,110,87,106,118,116,136,92,119,110,92,88,145,133,108,96,107,113,137,118,100,96,105,91,92,99,104,109,103,68,98,108,119,125,77,99,101,101
94,81,97,85,114,86,119,95,76,96,115,102,98,100,79,107,102,101,90,91,109,87,97,154,98,144,111,112,144,141,107,117,110,103,116,95,69,110,95,106,72,105,110,103,104,105,76,73,89,82,96,94,81,89,71,82
